#s:01|Casilla  1|Casilla  1 desc|01|07|07|07|07|07|07|07|07|07|07|07|07|07|07|07|07|00|
#s:02|Casilla  2|Casilla  2 desc|00|02|00|00|00|00|01|00|00|00|00|00|00|00|00|00|00|00|
#s:03|Casilla  3|Casilla  3 desc|01|03|00|00|00|00|00|00|00|00|00|00|00|00|00|00|00|00|
#s:04|Casilla  4|Casilla  4 desc|01|00|00|00|00|00|00|00|00|00|00|00|00|00|00|00|00|00|
#s:05|Casilla  5|Casilla  5 desc|01|02|00|00|00|00|00|00|00|00|00|00|00|00|00|00|00|00|
#s:06|Casilla  6|Casilla  6 desc|01|03|00|00|00|00|00|00|00|00|00|00|00|00|00|00|00|00|
#s:07|Casilla  7|Casilla  7 desc|01|01|00|00|00|00|00|00|00|00|00|00|00|00|00|00|00|00|
#s:08|Casilla  8|Casilla  8 desc|01|01|00|00|00|00|00|00|00|00|00|00|00|00|00|00|00|00|
#s:09|Casilla  9|Casilla  9 desc|01|01|00|00|00|00|00|00|00|00|00|00|00|00|00|00|00|00|
#s:10|Casilla 10|Casilla 10 desc|01|01|00|00|00|00|00|00|00|00|00|00|00|00|00|00|00|00|
#s:11|Casilla 11|Casilla 11 desc|01|01|00|00|00|00|00|00|00|00|00|00|00|00|00|00|00|00|
#s:12|Casilla 12|Casilla 12 desc|01|01|00|00|00|00|00|00|00|00|00|00|00|00|00|00|00|00|
#s:13|Casilla 13|Casilla 13 desc|01|01|00|00|00|00|00|00|00|00|00|00|00|00|00|00|00|00|
#s:14|Casilla 14|Casilla 14 desc|01|01|00|00|00|00|00|00|00|00|00|00|00|00|00|00|00|00|
#s:15|Casilla 15|Casilla 15 desc|01|01|00|00|00|00|00|00|00|00|00|00|00|00|00|00|00|00|
#s:16|Casilla 16|Casilla 16 desc|01|01|00|00|00|00|00|00|00|00|00|00|00|00|00|00|00|00|
#s:17|Casilla 17|Casilla 17 desc|01|01|00|00|00|00|00|00|00|00|00|00|00|00|00|00|00|00|
#s:18|Casilla 18|Casilla 18 desc|01|01|00|00|00|00|00|00|00|00|00|00|00|00|00|00|00|00|
#s:19|Casilla 19|Casilla 19 desc|01|01|00|00|00|00|00|00|00|00|00|00|00|00|00|00|00|00|
#s:20|Casilla 20|Casilla 20 desc|01|01|00|00|00|00|00|00|00|00|00|00|00|00|00|00|00|00|
#s:21|Casilla 21|Casilla 21 desc|01|01|00|00|00|00|00|00|00|00|00|00|00|00|00|00|00|00|
#s:22|Casilla 22|Casilla 22 desc|01|01|00|00|00|00|00|00|00|00|00|00|00|00|00|00|00|00|
#s:23|Casilla 23|Casilla 23 desc|01|01|00|00|00|00|00|00|00|00|00|00|00|00|00|00|00|00|
#s:24|Casilla 24|Casilla 24 desc|01|01|00|00|00|00|00|00|00|00|00|00|00|00|00|00|00|00|
#s:25|Casilla 25|Casilla 25 desc|01|01|00|00|00|00|00|00|00|00|00|00|00|00|00|00|00|00|
#s:26|Casilla 26|Casilla 26 desc|01|01|00|00|00|00|00|00|00|00|00|00|00|00|00|00|00|00|
#o:1|linterna|1|Objecto o1 desc|
#o:2|libro|3|Objecto o2 desc|
#o:3|pocion|5|Objecto o3 desc|
#o:4|llave|8|Objecto o4 desc|
#l:1|Lnk 1|1|2|2|1|
#l:2|Lnk 2|2|1|0|1|
#l:3|Lnk 3|2|3|2|1|
#l:4|Lnk 4|3|2|0|1|
#l:5|Lnk 5|3|4|2|1|
#l:6|Lnk 6|4|3|0|1|
#l:7|Lnk 7|4|5|2|1|
#l:8|Lnk 8|5|4|0|1|
#l:9|Lnk 7|1|3|1|1|
#l:10|Lnk 8|3|1|3|1|