#s:11|Casilla 11|Casilla 11 desc|01|03|03|03|03|03|03|03|03|03|03|03|03|03|03|03|03|00|
#s:21|Casilla 21|Casilla 21 desc|01|08|08|08|08|08|08|08|08|08|08|08|08|08|08|08|08|00|
#s:31|Casilla 31|Casilla 31 desc|01|02|02|02|02|02|02|02|02|02|02|02|02|02|02|02|02|00|
#s:41|Casilla 41|Casilla 41 desc|01|08|08|08|08|08|08|08|08|08|08|08|08|08|08|08|08|00|
#s:51|Casilla 51|Casilla 51 desc|01|04|04|04|04|04|04|04|04|04|04|04|04|04|04|04|04|00|
#s:61|Casilla 61|Casilla 61 desc|01|00|00|00|00|00|00|00|00|00|00|00|00|00|00|00|00|00|
#s:12|Casilla 12|Casilla 12 desc|01|01|01|01|01|01|01|01|01|01|01|01|01|01|01|01|01|00|
#s:22|Casilla 22|Casilla 22 desc|01|01|01|01|01|01|01|01|01|01|01|01|01|01|01|01|01|00|
#s:32|Casilla 32|Casilla 32 desc|01|00|00|00|00|00|00|00|00|00|00|00|00|00|00|00|00|00|
#s:42|Casilla 42|Casilla 42 desc|01|01|01|01|01|01|01|01|01|01|01|01|01|01|01|01|01|00|
#s:52|Casilla 52|Casilla 52 desc|01|10|10|10|10|10|10|10|10|10|10|10|10|10|10|10|10|00|
#s:62|The Cave  |Hells gate     |01|12|12|12|12|12|12|12|12|12|12|12|12|12|12|12|12|00|
#s:13|Casilla 13|Casilla 13 desc|01|15|15|15|15|15|15|15|15|15|15|15|15|15|15|15|15|00|
#s:23|Casilla 23|Casilla 23 desc|01|10|10|10|10|10|10|10|10|10|10|10|10|10|10|10|10|00|
#s:33|Casilla 33|Casilla 33 desc|01|02|02|02|02|02|02|02|02|02|02|02|02|02|02|02|02|00|
#s:43|Casilla 43|Casilla 43 desc|01|05|05|05|05|05|05|05|05|05|05|05|05|05|05|05|05|00|
#s:53|Casilla 53|Casilla 53 desc|01|01|01|01|01|01|01|01|01|01|01|01|01|01|01|01|01|00|
#s:63|Casilla 63|Casilla 63 desc|01|00|00|00|00|00|00|00|00|00|00|00|00|00|00|00|00|00|
#s:14|Casilla 14|Casilla 14 desc|01|01|01|01|01|01|01|01|01|01|01|01|01|01|01|01|01|00|
#s:24|Casilla 24|Casilla 24 desc|01|01|01|01|01|01|01|01|01|01|01|01|01|01|01|01|01|00|
#s:34|Casilla 34|Casilla 34 desc|01|00|00|00|00|00|00|00|00|00|00|00|00|00|00|00|00|00|
#s:44|Casilla 44|Casilla 44 desc|01|03|03|03|03|03|03|03|03|03|03|03|03|03|03|03|03|00|
#s:54|Casilla 54|Casilla 54 desc|01|07|07|07|07|07|07|07|07|07|07|07|07|07|07|07|07|00|
#s:64|Casilla 64|Casilla 64 desc|01|04|04|04|04|04|04|04|04|04|04|04|04|04|04|04|04|00|
#s:15|Casilla 15|Casilla 15 desc|00|06|06|06|06|06|06|06|06|06|06|06|06|06|06|06|06|00|
#s:25|Start     |Dante's start  |01|14|14|14|14|14|14|14|14|14|14|14|14|14|14|14|14|00|
#s:35|Casilla 35|Casilla 35 desc|01|08|08|08|08|08|08|08|08|08|08|08|08|08|08|08|08|00|
#s:45|Casilla 45|Casilla 45 desc|01|05|05|05|05|05|05|05|05|05|05|05|05|05|05|05|05|00|
#s:55|Casilla 55|Casilla 55 desc|01|01|01|01|01|01|01|01|01|01|01|01|01|01|01|01|01|00|
#s:65|Casilla 65|Casilla 65 desc|01|01|01|01|01|01|01|01|01|01|01|01|01|01|01|01|01|00|
#s:16|Casilla 16|Casilla 16 desc|01|00|00|00|00|00|00|00|00|00|00|00|00|00|00|00|00|00|
#s:26|Casilla 26|Casilla 26 desc|01|06|06|06|06|06|06|06|06|06|06|06|06|06|06|06|06|00|
#s:36|Casilla 36|Casilla 36 desc|01|07|07|07|07|07|07|07|07|07|07|07|07|07|07|07|07|00|
#s:46|Casilla 46|Casilla 46 desc|01|02|02|02|02|02|02|02|02|02|02|02|02|02|02|02|02|00|
#s:56|Casilla 56|Casilla 56 desc|01|09|09|09|09|09|09|09|09|09|09|09|09|09|09|09|09|00|
#s:66|Casilla 66|Casilla 66 desc|01|05|05|05|05|05|05|05|05|05|05|05|05|05|05|05|05|00|
#o:01|Torch|25|Lights your way|01|00|-1|01|00|
#o:02|Key1|13|Just a broken fragment|01|00|-1|00|00|
#o:03|Key2|53|Just a broken fragment|01|00|-1|00|00|
#o:04|Key3|65|Just a broken fragment|01|00|-1|00|00|
#o:05|Key4|26|Just a broken fragment|01|00|-1|00|00|
#o:06|Key5|45|Just a broken fragment|01|00|-1|00|00|
#o:07|Note1|13|Note 1 description|00|00|-1|00|00|
#o:08|Note2|53|Note 2 description|00|00|-1|00|00|
#o:09|Note3|65|Note 3 description|00|00|-1|00|00|
#o:10|Note4|26|Note 4 description|00|00|-1|00|00|
#o:11|Note5|45|Note 5 description|00|00|-1|00|00|
#o:12|Bottle|25|There's a sticky substance|01|00|-1|00|00|
#o:13|Rock1|66|It's got big bones|00|00|00|00|00|
#o:14|Rock2|15|Do you know big rock?|00|00|00|00|00|
#o:15|Rock3|11|Do you know medium rock?|00|00|00|00|00|
#o:16|Stick|25|Why would you take it?|00|00|00|00|00|
#o:17|Leafs|38|From the tree to the south|00|00|00|00|00|
#o:18|Tree|35|Yeah, a tree|00|00|00|00|00|
#o:19|Wand|42|You are no wizard Dante!|00|00|-1|00|00|
#o:20|Sword|42|You are no warrior Dante!|00|00|-1|00|00|
#l:01|Lnk  1|11|12|0|1|
#l:02|Lnk  1|12|11|2|1|
#l:03|Lnk  2|12|13|0|1|
#l:04|Lnk  2|13|12|2|1|
#l:05|Lnk  3|13|14|0|1|
#l:06|Lnk  3|14|13|2|1|
#l:07|Lnk  4|14|15|0|1|
#l:08|Lnk  4|15|14|2|1|
#l:09|Lnk  5|21|22|0|1|
#l:10|Lnk  5|22|21|2|1|
#l:11|Lnk  6|22|23|0|1|
#l:12|Lnk  6|23|22|2|1|
#l:13|Lnk  7|23|24|0|1|
#l:14|Lnk  7|24|23|2|1|
#l:15|Lnk  8|24|25|0|1|
#l:16|Lnk  8|25|24|2|1|
#l:17|Lnk  9|25|26|0|1|
#l:18|Lnk  9|26|25|2|1|
#l:19|Lnk 10|41|42|0|1|
#l:20|Lnk 10|42|41|2|1|
#l:21|Lnk 11|42|43|0|1|
#l:22|Lnk 11|43|42|2|1|
#l:23|Lnk 12|51|52|0|1|
#l:24|Lnk 12|52|51|2|1|
#l:25|Lnk 13|52|53|0|1|
#l:26|Lnk 13|53|52|2|1|
#l:27|Lnk 14|53|54|0|1|
#l:28|Lnk 14|54|53|2|1|
#l:29|Lnk 15|54|55|0|1|
#l:30|Lnk 15|55|54|2|1|
#l:31|Lnk 16|55|56|0|1|
#l:32|Lnk 16|56|55|2|1|
#l:33|Lnk 17|64|65|0|1|
#l:34|Lnk 17|65|64|2|1|
#l:35|Lnk 18|65|66|0|1|
#l:36|Lnk 18|66|65|2|1|
#l:37|Lnk 19|11|21|1|0|
#l:38|Lnk 19|21|11|3|0|
#l:39|Lnk 20|21|31|1|1|
#l:40|Lnk 20|31|21|3|1|
#l:41|Lnk 21|31|41|1|1|
#l:42|Lnk 21|41|31|3|1|
#l:43|Lnk 22|41|51|1|1|
#l:44|Lnk 22|51|41|3|1|
#l:45|Lnk 23|52|62|1|1|
#l:46|Lnk 23|62|52|3|1|
#l:47|Lnk 24|23|33|1|1|
#l:48|Lnk 24|33|23|3|1|
#l:49|Lnk 25|33|43|1|1|
#l:50|Lnk 25|43|33|3|1|
#l:51|Lnk 26|44|54|1|1|
#l:52|Lnk 26|54|44|3|1|
#l:53|Lnk 27|54|64|1|1|
#l:54|Lnk 27|64|54|3|1|
#l:55|Lnk 28|15|25|1|1|
#l:56|Lnk 28|25|15|3|1|
#l:57|Lnk 29|25|35|1|1|
#l:58|Lnk 29|35|25|3|1|
#l:59|Lnk 30|35|45|1|1|
#l:60|Lnk 30|45|35|3|1|
#l:61|Lnk 31|26|36|1|1|
#l:62|Lnk 31|36|26|3|1|
#l:63|Lnk 32|36|46|1|1|
#l:64|Lnk 32|46|36|3|1|
#l:65|Lnk 33|46|56|1|1|
#l:66|Lnk 33|56|46|3|1|
#l:67|Lnk 34|56|66|1|1|
#l:68|Lnk 34|66|56|3|1|
#l:69|Lnk 35|35|36|0|1|
#l:70|Lnk 35|36|35|2|1|
#l:71|Lnk 36|36|25|0|1|
#l:72|Lnk 37|44|45|0|1|
#l:73|Lnk 37|45|44|2|1|